3
17 29 29 8

-8 -94 94 -63 35 22 -19 36 -88 -6 47 -44 60 -30 -43 -25 17 -74 35 -98 -31 -63 26 78 -100 74 -88 -87 -1 
-43 93 -60 36 54 34 60 60 37 81 -57 -46 2 -61 18 88 -83 -77 90 76 62 10 71 53 76 -78 -60 -88 -91 
-17 92 -44 30 -17 -7 -22 -51 23 -77 -61 40 -77 100 1 -59 -18 -10 -96 -15 18 25 58 -7 33 87 79 70 45 
-5 -29 61 -1 -62 86 -23 -47 -49 36 8 -67 -62 96 48 -94 -53 10 -7 94 -42 15 -39 -60 -1 -23 -76 -69 -57 
-71 61 -32 10 90 19 -96 -37 -54 100 64 26 94 85 51 100 30 10 -6 -36 -5 39 96 92 -70 -48 -83 -96 29 
-81 -6 0 -79 39 22 73 82 59 -78 88 -64 79 32 19 67 19 -9 -83 -71 -33 -44 -54 -35 81 -40 2 -81 -56 
-36 76 41 64 -40 25 -50 41 -14 3 44 80 63 87 46 19 -9 19 62 -80 9 -100 80 2 -26 -71 -48 -47 -94 
-12 -70 15 -17 -15 -22 31 36 26 -47 -16 -6 -60 -51 -32 -51 -84 82 91 26 95 28 -42 -74 12 62 78 -39 40 
78 -90 -28 -93 82 27 1 -20 -30 56 68 78 31 54 -56 -57 -42 83 94 -16 -56 9 -86 -78 98 -52 96 20 -64 
51 -69 24 64 36 69 13 82 -83 -94 -41 -86 -22 72 -20 22 17 40 -60 -20 81 9 49 12 -89 42 18 66 0 
-56 -39 91 -69 -37 67 34 -88 74 -7 -85 31 6 -7 -16 21 -3 6 88 -58 2 79 -71 -46 82 -27 72 97 -42 
-48 -13 16 -66 24 -92 -92 36 -93 92 7 -7 -51 -20 -49 93 83 -88 -72 24 -46 -82 39 15 49 58 -98 -51 -9 
-3 12 28 27 -40 16 -62 21 -28 13 7 79 -49 -52 93 20 35 -32 -49 69 -75 21 -32 -77 -94 3 98 -46 83 
13 -54 -96 -87 87 16 43 45 63 -35 -81 -80 75 1 15 23 -93 -5 -64 50 22 -77 0 -79 80 13 -96 -25 -47 
49 -72 23 24 2 81 69 66 -1 -43 -37 100 56 55 54 87 -53 -63 24 -16 -5 -91 -27 -48 29 -23 11 35 42 
-46 62 -58 -99 10 43 71 82 74 95 -76 48 -26 -92 56 -1 16 42 -54 -74 -63 65 85 57 79 -50 -3 -76 16 
-79 -28 64 86 -25 54 -44 -98 -100 75 77 -77 25 21 58 97 52 11 -67 -27 -76 14 -47 81 87 47 84 70 -92 

-3 94 1 14 -4 -87 0 18 
-68 -58 -100 89 3 -14 93 88 
-30 -68 17 55 -70 91 -88 -36 
70 -69 88 -87 -48 26 73 96 
16 36 86 39 -47 79 -16 -60 
55 57 36 35 -68 -69 56 99 
-1 49 10 -95 -27 -56 11 -17 
-49 -64 8 -55 -60 6 92 53 
12 57 60 -71 -45 4 44 64 
79 -81 10 7 47 -72 74 70 
64 6 -42 94 -79 90 -98 49 
32 -47 39 -42 63 52 -48 -52 
15 78 62 56 -59 63 80 -40 
37 -14 70 -63 35 42 17 23 
45 9 -89 97 -44 -51 1 -70 
-6 77 89 96 -75 -50 -88 50 
-70 80 -26 21 -87 -36 44 -2 
18 -42 82 -4 74 78 -96 77 
-73 77 -40 86 -23 -38 72 10 
38 55 -69 30 39 -61 7 86 
29 -64 -71 -41 65 -38 54 -46 
81 29 36 2 -20 -1 9 -49 
78 -70 74 85 70 -60 8 95 
-1 67 -8 -33 -15 -1 63 -53 
65 85 -29 70 64 21 -91 -25 
89 94 18 -47 70 -56 17 79 
-88 10 -61 63 -48 3 81 2 
-71 2 -80 -25 -84 48 43 53 
-90 97 81 51 84 -49 -57 -24 

25 5 5 14

71 -25 86 -76 64 
-67 20 -3 34 79 
95 99 -46 -58 -7 
-24 99 24 11 90 
74 72 -53 31 -70 
-55 -39 74 -7 -8 
-89 47 9 37 19 
-79 -4 67 -92 49 
-52 -98 -36 -38 68 
-24 75 -72 -91 63 
93 83 95 -21 23 
-13 -64 83 -78 -88 
-34 -85 57 -12 47 
70 -17 -68 -50 -2 
-49 4 -62 20 13 
-33 -63 -16 -29 86 
0 -12 60 -6 62 
9 44 27 -77 99 
31 100 -99 -32 63 
7 -28 -25 -67 -27 
75 -43 65 -48 -23 
-28 18 -21 34 -99 
-48 86 -37 -62 -24 
-76 36 35 9 -57 
32 20 66 92 52 

-9 -26 26 97 22 74 -56 15 96 -16 -24 9 -46 -12 
-68 76 -21 41 -34 54 -24 -35 -28 51 59 -74 22 17 
74 97 -17 19 54 24 4 -43 -17 -28 41 -14 70 31 
-15 -77 92 95 -49 82 -67 11 14 -96 -71 -47 61 70 
57 -100 0 54 46 81 -77 -86 44 80 3 89 29 -91 

17 28 28 4

37 17 -40 84 -41 -76 -15 78 84 -56 8 -4 -3 17 5 -6 36 -59 17 -4 45 30 94 7 -76 12 43 47 
-46 -51 -52 -12 49 -54 -29 5 -76 -6 36 71 25 23 37 -63 69 88 -20 64 -15 -74 -36 12 -99 4 -15 -22 
44 -71 82 -82 78 -13 35 83 59 7 -16 -68 64 -17 43 -14 16 -88 86 12 -77 89 12 11 -18 -66 -25 -41 
-51 30 7 -1 43 -45 -70 -26 -11 36 79 -62 63 45 54 -91 -34 -46 41 -46 -50 -83 54 53 70 55 85 35 
12 26 74 75 21 38 -43 -10 -49 -26 17 95 34 63 88 -52 -30 62 99 -83 36 96 -71 -35 -96 -67 90 57 
-50 36 -68 -60 -17 73 -71 72 -81 -44 -52 55 -36 -12 66 45 -63 38 78 48 -5 48 -89 -56 -40 -29 -72 65 
-67 28 41 -59 -46 -87 81 93 -64 -69 60 -24 44 -83 -97 -18 79 -7 80 -48 -69 28 74 78 46 -60 -20 -18 
25 56 -41 48 70 39 49 -50 68 18 -26 42 11 43 -88 -27 -42 16 -15 48 -71 58 -71 -72 -92 -66 28 -27 
86 -23 44 -85 -10 78 100 53 -89 23 6 -10 41 -16 -23 -69 29 -25 19 14 63 50 -90 95 5 9 -53 -44 
1 -69 91 87 -82 -39 46 53 -95 32 17 23 -51 66 5 30 17 -1 79 2 -6 -32 89 5 94 -81 -88 77 
84 -11 -45 -91 -4 67 9 64 65 -90 24 12 -75 18 13 28 32 4 -50 -98 -91 41 -29 19 88 48 -48 -57 
-48 77 96 56 -67 -41 93 -82 -47 -50 -51 -11 -27 -57 82 -15 71 63 -68 88 62 -51 97 73 -19 -82 -43 -30 
-82 -48 0 -34 31 -26 85 -78 23 15 23 67 -38 -87 -54 60 51 22 -7 -60 -74 -24 68 38 -78 75 -92 19 
83 -58 25 25 3 74 -31 -56 17 36 -78 81 13 -21 60 -51 93 97 36 -52 57 -55 -55 -72 48 93 -70 -34 
66 0 -88 35 29 -29 -53 91 -9 12 -78 100 -30 -100 -1 37 -25 21 -53 -19 48 -30 39 80 63 -69 53 -17 
50 -99 42 63 1 41 13 -24 32 47 -27 58 -85 -12 -41 -40 -83 -35 5 -65 57 50 -98 99 -71 22 50 -43 
80 73 -63 99 18 -31 50 78 46 -78 45 72 0 57 -52 82 -52 77 -89 98 -85 7 13 -32 -56 17 -78 -98 

-57 25 66 -47 
24 82 -77 24 
-80 -75 87 40 
85 -32 31 -42 
-30 -3 -21 -79 
80 78 60 -78 
65 7 15 92 
-71 -1 -68 96 
-75 -32 -19 4 
-76 -6 65 61 
4 86 -30 60 
27 70 15 42 
-23 -91 -55 -29 
-52 -68 49 -22 
-70 26 15 -36 
-58 -32 -1 20 
9 45 -40 28 
-27 -17 -71 78 
88 95 58 -35 
43 -49 -27 -100 
-50 26 -29 17 
71 75 -88 -46 
-62 -89 -60 -66 
-51 -68 -74 -92 
-76 -98 -35 -18 
41 -57 -14 -68 
-35 97 -59 -42 
-2 97 -87 48 

